JD flux_target flux_comp flux_rel
2460957.2885680557 2988374.587651173 864253.2127919339 0.9948349408329791
2460957.28881044 3003509.6560862283 850857.0323188412 1.0156157756188846
2460957.2890530094 2975467.81797203 846102.0520650698 1.0117879605242222
2460957.289295544 2993792.8387967204 856728.6360655201 1.005392080895643
2460957.289538704 2999281.952467831 845414.2387887883 1.0207155580090337
2460957.2897819444 2968792.988793909 853374.2443241853 1.0009154262693445
2460957.290023912 2964517.0818999503 849909.5595743268 1.0035482116443144
2460957.2902675234 3013113.2472523022 858885.5576804443 1.0093392295032813
2460957.290510845 3009828.3110348484 851958.232544761 1.0164368868092526
2460957.2907533795 2979698.2853565505 856428.4838112647 1.0010094705529347
2460957.2909965855 3000517.800763506 858526.3124097256 1.0055405659675105
2460957.291239815 3020917.8188291653 856391.0784389453 1.0149012206520727
2460957.291482523 3027830.1600903864 864575.5332410524 1.0075939885199365
2460957.2917253124 2976241.8221911797 851838.7874111634 1.0052354648668316
2460957.291968148 3002118.853098967 848825.5430223132 1.017575027178841
2460957.2922108914 2982252.91081576 850884.4751648188 1.0083954319717383
2460957.2924542013 3011588.839310839 848828.2369551143 1.0207816609147375
2460957.292697211 3012096.2712329007 837159.1102134757 1.0351846869992052
2460957.2929392825 3014134.0266079316 854138.5189514039 1.015292669266482
2460957.2931820718 3004481.4897433426 850876.025101301 1.0159217170234336
2460957.29342441 2949407.300176874 842062.635592357 1.0077373427698457
2460957.2936676387 2985330.7160885246 867275.2091000378 0.9903586870658081
2460957.293910498 3004966.1173963295 854353.7284309781 1.0119495432649015
2460957.294153345 2990394.9408748313 848456.927361213 1.014041543683934
2460957.2943955557 2945530.4616873977 847730.1439277611 0.9996843434947482
2460957.294638611 3012066.073827923 855405.4312305186 1.0130934077563867
2460957.2948815627 2973503.8636661265 832159.0668539207 1.0280616432377758
2460957.295123576 2949000.763650972 853492.9942986534 0.994104232057812
2460957.295366366 2969341.3783927094 869015.3372674729 0.98308187071172
2460957.2956090625 2946312.444189485 846047.6881478577 1.0019382471123117
2460957.295851713 2956741.4942370774 846420.7558708144 1.005041627143881
2460957.296095174 2995657.820880958 866051.3529991534 0.9951889800871031
2460957.2963375812 3016415.0873802323 865632.4286609327 1.0025697226379235
2460957.2965805787 2984110.950180814 786755.3872936645 1.091270057728585
2460957.296822986 2991984.049525498 860255.675692865 1.000665036329126
2460957.297065 2987293.3453727607 843093.2615815358 1.0194343227488383
2460957.297307766 2979120.5047069434 845200.8423500147 1.0141101926864595
2460957.297551296 3002298.0662071514 856771.2669135404 1.0081981854602742
2460957.2977942363 2994942.5050586173 859762.242747734 1.0022293552434351
2460957.2980371644 3028090.903447733 856920.5564357347 1.016682494305862
2460957.298279572 3056646.4252086123 849679.1322714526 1.0350164469376928
2460957.298522685 2990884.699895848 852002.9136762639 1.0099865479191332
2460957.2987645604 2988610.8691543816 855632.673552147 1.0049374004310792
2460957.299007755 2973378.463793292 865778.7307643912 0.9880985849384052
2460957.2992505324 2988529.1656395085 835483.9493368949 1.0291445674534712
2460957.2994927545 2976917.1996005997 847771.5572662355 1.010287341986948
2460957.2997363657 2971360.5354093895 857096.4983222843 0.9974304637894068
2460957.299979479 2940813.637362519 857697.528415204 0.9864846760738654
2460957.3002228704 3003292.941814365 851459.0997303193 1.0148244042922774
2460957.3004664006 2968040.1218835185 856554.3904776662 0.9969464247237336
2460957.300709178 3022626.5019434583 844541.0304509031 1.0297237517618323
2460957.300952315 3019606.9435397172 849899.7752392656 1.022208997427277
2460957.3011954743 2997166.890649841 850154.3837878698 1.0143086428092565
2460957.3014376387 2939471.537438999 859283.0107474857 0.9842151194964438
2460957.3016808564 2995988.3661689474 857349.453782746 1.0054008438716715
2460957.301924236 3043082.574814287 845059.8761896772 1.0360560564406034
2460957.302167153 3002408.510140088 861609.3510674697 1.002573859672964
2460957.3024102314 2999426.059735131 851964.799695912 1.0129161769345967
2460957.3026533565 3004898.308265802 832196.1830134365 1.0388696481221333
2460957.302895799 2993853.811762177 826822.2126919255 1.0417786503180102
2460957.3031380554 2963098.8523839596 831251.122977093 1.0255831893315692
2460957.3033805555 2969516.053339035 858462.9163571444 0.9952246778795814
2460957.3036237382 2984945.003886501 849188.4519293985 1.0113215290181465
2460957.30386603 2950968.030719504 861741.2055817485 0.9852459151694578
2460957.304109213 3007130.022486002 852035.0517496741 1.0154340992842124
2460957.304351308 2990495.9056803775 845976.2184379508 1.017049418575988
2460957.304594109 3006267.440042999 858296.3830194141 1.0077372894524834
2460957.304836794 2993297.114394807 848160.372965781 1.015380567270971
2460957.305080069 2912885.086085711 838535.3588891968 0.9994451615521528
2460957.305323426 2981112.8460462224 850160.8420212116 1.0088679293628446
2460957.305566447 2998050.6496117963 857542.2554589411 1.0058667094167133
2460957.30580941 2975559.459773985 843234.2141427044 1.0152603175754944
2460957.306052616 2996527.021345439 848577.0415682901 1.0159770996655744
2460957.3062959723 2945135.369113979 848601.9493833137 0.9985233717531798
2460957.306538704 2974718.1546070366 849692.3746030846 1.007258872240151
2460957.306781574 2972232.6635827646 852550.3620358713 1.003043476479151
2460957.307024919 2961098.9521835963 859532.3712962385 0.9911689335939481
2460957.30726816 2979034.760678999 860653.5337700074 0.9958735843558889
2460957.307510845 3002503.710927702 840645.848254615 1.027608004929719
2460957.3077533334 2946667.0205456843 816190.5167447693 1.0387152703764364
2460957.307996898 2954451.4046594286 832663.403657037 1.020855732611954
2460957.3082400346 3018715.930512705 836645.7695346123 1.0380962579673239
2460957.3084821063 2963387.7220999836 847227.6445875481 1.006341441266356
2460957.308725787 2999038.7776399753 846338.5001844163 1.0195181976803553
2460957.308968935 2983982.965403684 855596.4490158268 1.0034237229764948
2460957.3092122916 2963259.5732309557 843645.2160032608 1.0105710349304384
2460957.30945544 3007873.8255607868 841925.1077209321 1.0278817414806836
2460957.3096984606 2990101.6190194865 842588.2656746923 1.021004226369288
2460957.309941354 2963634.500798549 851435.2033528964 1.0014517682734445
2460957.310184398 2972856.2800663374 852219.0014775126 1.0036440152929376
2460957.3104274073 2997548.559453737 840808.6234047106 1.0257134925111242
2460957.3106694096 2999503.592691885 836130.1928935793 1.0321254300315743
2460957.310912396 2921475.349542662 849443.7588719444 0.9895200415202425
2460957.311155301 2965984.9459756846 855608.2498326908 0.9973577743030434
2460957.311398403 2928512.931732492 845367.2306137346 0.9966868661625111
2460957.3116415627 2981166.6370492023 856110.3239779403 1.001874945990749
2460957.3118843865 2963566.194136589 842598.5498009007 1.0119310525367133
2460957.3121272917 2950633.6317568915 850916.5397911989 0.9976663428862155
2460957.312370463 2981842.7800120227 856408.8702782782 1.0017528407020602
2460957.3126125117 2961625.1877481225 853476.5827256796 0.9983791061634174
2460957.3128555673 2956415.5360538573 854419.4755912098 0.9955230845721349
2460957.31309831 2994150.38101768 856523.719711982 1.0057527133310133
2460957.313340926 2937872.8283008076 833166.65862762 1.0145141498200436
2460957.313583993 2940064.0030894363 847742.4774209026 0.9978145636526842
2460957.313826655 2931475.214529975 855205.5979125936 0.9862174666362097
2460957.3140692823 2977393.2443297217 842141.0943417781 1.0172046494714302
2460957.3143113772 2931859.3401352307 844250.5052067436 0.9991456449495875
2460957.314554838 2892223.2114207908 845028.1221414278 0.9847310752480474
2460957.3147969907 2930130.030381323 838071.1430760736 1.005918984850942
2460957.315040324 2928611.066040875 841323.1945684177 1.0015112570665439
2460957.3152837385 2942710.2779665496 842685.4595369336 1.0047060192379478
2460957.315526111 2935847.739533299 829145.1776487299 1.0187319978191023
2460957.3157683103 2920262.0865478734 836453.1874394978 1.0044705031050114
2460957.3160117706 2921815.273473257 847772.7120647164 0.9915858479031329
2460957.316254792 2913479.328649813 827097.2083729409 1.0134734697181518
2460957.3164972453 2896718.166334906 845853.8445515183 0.9852987088212073
2460957.3167394213 2939011.405845273 845893.7531380857 0.9996372982825362
2460957.316982604 2951108.832528365 842001.4293599888 1.0083920090929517
2460957.317224734 2891877.083743405 846190.2362512426 0.9832610101424026
2460957.317468241 2882751.0024258085 844520.5607033187 0.9820959108220654
2460957.3177116434 2919849.8341713427 839555.7044367329 1.0006172787379417
2460957.317955 2917475.280302183 849185.9198956732 0.9884652330560324
2460957.3181979745 2910244.6338714478 833260.1561424789 1.0048607424495248
2460957.318441123 2892098.005384523 839557.2568561524 0.9911050393978347
2460957.318684248 2910677.3771182373 845311.3960187837 0.9906821654644594
2460957.3189274073 2927534.889560074 841479.3881286752 1.0009574017896752
2460957.319169919 2923482.0017719977 833732.5700782958 1.0088594237065724
2460957.3194119213 2890811.982098154 821527.8347100618 1.012405653824098
2460957.3196553355 2879470.8711436847 849830.9005686269 0.9748485936562651
2460957.319898727 2908550.756697768 837670.1257544087 0.9989887973013379
2460957.32014103 2873903.4943573643 844716.8356538243 0.9788542454241135
2460957.3203832987 2905075.229578881 837036.6887143225 0.9985501640783709
2460957.3206269676 2938319.698963542 837607.3320334896 1.0092890806558594
2460957.3208691203 2880682.6190587804 829216.6605211744 0.9995036657552859
2460957.3211115394 2869887.723943791 834625.0871626509 0.9893056064630545
2460957.321355093 2883222.66176723 830533.7857040487 0.9987984899562307
2460957.321598669 2858734.1003718833 821252.9835872409 1.0015065641662395
2460957.321841678 2912549.638103777 838814.4689925683 0.9989975447682925
2460957.322083727 2861245.389985129 831590.2565574415 0.9899259568555672
2460957.322326898 2848482.8459441783 820702.3487300903 0.9985847523131944
2460957.3225697107 2868182.3818824766 837105.7595485863 0.9857877840896921
2460957.3228124073 2880031.939806085 839167.9448783919 0.9874279506811221
2460957.323055417 2840307.041352455 846759.7064201733 0.9650773101722356
2460957.323297442 2825970.1020564064 817393.0110561433 0.9947034885836078
2460957.3235403937 2807444.3301789695 826551.0803740214 0.9772337414361774
2460957.323782523 2844927.9499936956 830057.0174689214 0.9860986058574189
2460957.3240251853 2803076.7355624037 824042.805074957 0.978683380574144
2460957.3242675695 2804111.998978902 821294.9831757031 0.9823204473093889
2460957.3245106135 2823181.9023731374 827101.6064997851 0.9820576777470466
2460957.3247525 2851242.610094841 837667.3369865075 0.9793086478177226
2460957.3249960765 2844204.8980997037 822233.5695406032 0.9952282025255509
2460957.325238831 2846003.838361863 847899.7921267919 0.9657127181877675
2460957.32548103 2876305.595502536 833886.8909166915 0.9923957092311447
2460957.3257243405 2879420.4921861864 828774.5018471088 0.9995987591565689
2460957.3259672225 2864214.2979064006 833013.3072850066 0.9892602696025716
2460957.3262096294 2826023.823742 839007.9643045778 0.9690958495896357
2460957.3264527433 2857681.1088655246 839266.4491454067 0.9796499039496587
2460957.326695764 2867267.810531907 833717.5876053753 0.9894783454952597
2460957.3269389584 2895290.4552834462 840758.9940714027 0.9907808754764289
2460957.3271818054 2873265.032112935 848749.0813762031 0.9739874670436437
2460957.3274244675 2858381.5653590662 835946.0274667118 0.9837822043017077
2460957.3276666896 2865496.334491008 832049.3475708496 0.9908496747622993
2460957.3279093285 2861723.058226161 838262.6084936884 0.9822103511088108
2460957.3281522687 2863169.2426054203 840948.2041863909 0.9795684092938884
2460957.32839456 2828660.9489232786 839786.1344491994 0.9691013383617072
2460957.328636979 2848822.1605543783 826221.8946989416 0.9920319003329146
2460957.328880035 2851079.064854257 823170.1286919207 0.9964985179752532
2460957.3291229284 2842480.5021970235 833146.470906066 0.9815967993042064
2460957.3293661573 2860852.809211344 830783.3983681835 0.9907514186077876
2460957.32960897 2821305.3899871125 835533.2107336893 0.9715012863594573
2460957.329851412 2825459.7497533746 833238.2998040066 0.9756114735500763
2460957.3300942825 2855131.0685375854 834399.5082339125 0.9844847853289926
2460957.33033625 2821638.03418043 833029.2258276824 0.9745363900383164
2460957.3305796064 2878836.8693024134 833735.5273357925 0.9934493872230696
2460957.3308215276 2834334.986192854 827848.6671331405 0.9850476109265066
2460957.331064259 2884933.9718647855 831609.7115416715 0.9980983180469115
2460957.331307593 2851470.977538241 830929.814481564 0.9873283600049414
2460957.331549919 2794233.9143211567 842634.0677041648 0.9540711074516868
2460957.331792766 2818962.960237126 819876.011771573 0.9892320713717154
2460957.3320348263 2841412.216461957 819211.9645541582 0.9979182270664433
2460957.3322774884 2821712.122654233 817262.2546320772 0.9933636431000872
2460957.3325203354 2807558.8425091146 833522.7972921294 0.9690995301911087
2460957.332762558 2840848.101692725 825951.4739492533 0.9895790186417287
2460957.3330052663 2805641.4177395687 829558.7763166617 0.9730653323566986
2460957.333247743 2838155.44113363 812844.722506078 1.004582446581026
2460957.33349059 2819073.105431748 816924.7543567452 0.9928446054426653
2460957.3337334376 2866894.967510365 823141.954871954 1.0020607297953241
2460957.33397544 2809193.9761394267 828803.4451961886 0.9751853741100709
2460957.334219074 2793846.357471918 818794.9882777238 0.9817125472844211
2460957.334462234 2881030.222562205 819974.4358308737 1.010891395084024
2460957.3347054166 2743422.609812621 801685.8327364905 0.9845675160856292
2460957.3349479516 2787258.232779314 840161.2007270341 0.9544904414622092
2460957.3351905206 2877002.9418286663 813442.0890810821 1.0175849247233058
2460957.3354332754 2841706.585514134 802420.5341557865 1.018906184196491
2460957.335675382 2841716.988444179 819381.0697368572 0.9978192904569089
2460957.3359187036 2820413.359661918 819795.0134885736 0.9898388358323145
2460957.3361609145 2850304.234460552 821102.1329246768 0.9987367623338573
2460957.3364033564 2876410.8252102924 813280.2740427628 1.0175779183694196
2460957.336646331 2816785.319586655 807619.0327697092 1.0034695575178185
2460957.3368883682 2793723.855261624 816147.4754428396 0.984853954162053
2460957.337130845 2842808.213944926 804757.5209332727 1.0163411640249376
2460957.3373734956 2826028.262224917 818434.2581163556 0.9934584298236246
2460957.3376158914 2754974.9411263657 819360.4659546559 0.9673856609123307
2460957.3378581945 2811332.642403251 822582.2104862129 0.9833087878865767
2460957.3381010764 2848636.3219846664 831029.3614115608 0.9862287019998041
2460957.3383440855 2827523.2532044277 820385.7388371209 0.9916195520556866
2460957.338586447 2812859.1599124363 831110.7617608802 0.9737468818626472
2460957.338829155 2793723.9748129365 828928.171134491 0.9696691833569204
2460957.339071748 2841665.3160221903 827713.7650057108 0.9877561609363904
2460957.3393146875 2820566.1994269267 835954.0167814604 0.9707578398062678
2460957.339556933 2844945.8405839475 838320.4976933799 0.9763845895291047
2460957.339799757 2822523.3604227644 840303.1670789123 0.9664036085546214
2460957.3400418633 2840906.7707246556 819687.8164030374 0.9971614954210974
2460957.3402851387 2842089.74714669 812508.6395700175 1.00639112583685
2460957.3405277315 2847413.3851088174 830764.5436744386 0.9861195471617956
2460957.340770544 2815152.4175390815 818370.1113777383 0.989712720124311
2460957.3410131596 2807575.897626677 826256.955222202 0.9776274234122341
2460957.3412551503 2857620.2528220816 833161.5187353787 0.9868072022419506
2460957.3414984723 2825780.2469135686 810866.5912012696 1.002642191679242
2460957.3417414813 2806752.155981982 818872.8994726278 0.9861536007698415
2460957.341984329 2778819.5776871634 830896.2202306062 0.9622115482620212
2460957.3422272336 2806512.9695055536 832964.7169303126 0.9693875686582529
2460957.3424701854 2819036.5600904007 830182.2074975222 0.9769768775832384
2460957.3427135763 2836577.822598607 825528.69080533 0.9885975500952581
2460957.3429566203 2829098.366562586 829085.6884505256 0.9817606650213256
2460957.3431988196 2778048.6017134455 812087.8971962001 0.9842236569867923
2460957.343442176 2815062.1107595037 835792.8599286384 0.9690503060573823
2460957.343685486 2827995.4962887834 814120.506624712 0.9994176561505365
2460957.343927778 2773373.8281367333 822672.5182477095 0.9699255983963893
2460957.3441710765 2813673.3863758976 826218.7278112071 0.9797959640646292
2460957.3444141434 2830181.6051429287 817789.9290316094 0.9957023778146814
2460957.344656377 2828075.553193267 837093.874563847 0.9720169583837364
2460957.34489897 2759034.916833531 818016.8176204878 0.9704026248422453
2460957.3451425117 2839200.558422085 826532.1601558432 0.9883102818164874
2460957.34538559 2833661.301655767 833852.727862239 0.9777224416704088
2460957.3456287617 2844280.029341774 814422.4421476494 1.004799979999766
2460957.345872176 2796657.7271157205 824495.2169581149 0.9759064213574096
2460957.3461155323 2806525.7392022936 821051.1390981099 0.9834580055474671
2460957.346358299 2831531.1434256183 838796.8057800676 0.9712288467960384
2460957.346600706 2809187.523526447 826136.4821645122 0.978331254854821
2460957.3468435765 2836824.1777456566 830064.6806425352 0.9832806279677001
2460957.347086192 2827233.093143128 823483.6471413465 0.987787747016787
2460957.3473291784 2807183.347301885 835368.6876322271 0.966828813412621
2460957.347571134 2785094.722733182 811374.4087926393 0.9875876787544224
2460957.3478140743 2802482.228768762 829526.1915545074 0.9720078281603282
2460957.3480563196 2828080.6778569883 826814.6290721286 0.9841031927219988
2460957.3482998842 2800338.0425665304 828840.6195797089 0.9720675195090155
2460957.348542986 2812833.117776226 819500.8982308488 0.9875328042666157
2460957.348786308 2801664.9966582116 820415.3126785478 0.9825155777110192
2460957.349028947 2813989.261706815 838179.7424039079 0.9659224804701949
2460957.3492723033 2792641.5140154157 820403.7581094855 0.979364926797943
2460957.349514942 2806660.0634999094 821317.0651626115 0.983186635937414
2460957.349758206 2826753.581366377 822348.2217499668 0.9889838319373907
2460957.3500006828 2837153.4783683484 819448.4266913189 0.996135006640215
2460957.350243588 2815392.916857208 822292.5346416909 0.9850758328203787
2460957.3504857523 2795534.7735709995 810537.2967563638 0.9923134855652779
2460957.350728588 2730620.857007302 810428.0995076931 0.9694019986278024
2460957.350971354 2829430.555977869 849025.7347433509 0.9588158028741309
2460957.3512145486 2826085.6172298654 805076.7709139412 1.0099619614476358
2460957.3514569444 2827147.1014791834 810665.0639436246 1.0033765508285954
2460957.351699456 2851936.733991425 818407.8195107916 1.0025986493149146
2460957.351941597 2739526.297565638 803786.7924787687 0.980599361830937
2460957.3521848726 2763267.9395909077 820645.1131046483 0.9687787607461339
2460957.3524273494 2737196.6627540803 815592.1259010663 0.9655838112717762
2460957.3526699306 2763288.046468959 822500.2495216333 0.9666007288451969
2460957.352912905 2783228.6072082883 812421.4078426169 0.9856540689707696
2460957.3531560535 2827738.224653576 816469.3663474434 0.9964518230787738
2460957.353399572 2820445.489665996 804799.5987190058 1.0082934773218166
2460957.3536427314 2740952.9773413134 812330.0248625324 0.9707917516083899
2460957.3538852315 2739589.1689468357 821652.6045265037 0.9592994657604073
2460957.3541284376 2814468.631232678 829628.1889208864 0.9760451570123914
2460957.3543715626 2766248.626512903 822170.4502483367 0.9680244928659584
2460957.3546137037 2812331.6011744514 816716.728706524 0.9907226087932539
2460957.3548561228 2751686.448547182 810008.9673325971 0.9773860057908424
2460957.3550989004 2767922.590029394 801275.2574130608 0.99386914058615
2460957.3553414005 2822025.1096123406 826886.3596804411 0.9819108164322135
2460957.3555845716 2816761.6724487534 826404.468156995 0.980650929578962
2460957.3558278126 2804446.2889032536 813266.1923196681 0.9921364515975811
2460957.356069757 2810597.696079004 820597.378396349 0.9854294995552164
2460957.356312523 2718351.00123857 791658.9500374482 0.9879259781930857
2460957.356555613 2768116.9279346797 801834.1530626169 0.9932461240739954
2460957.356798611 2733725.4702223786 812804.2942541015 0.9676669493917598
2460957.3570415857 2762332.098508752 817278.7255676162 0.9724397304366735
2460957.3572840625 2766731.2910237308 805519.9187780555 0.9882064771504063
2460957.357527303 2668615.394365482 801612.6108255162 0.95780796550732
2460957.357770625 2706785.908093718 783148.4564035129 0.9944130358108484
2460957.3580136457 2771849.225294175 803456.2267492223 0.9925773955685916
2460957.358256852 2775262.4007502533 813258.5803817593 0.9818211791278245
2460957.3584998264 2760099.421426911 799823.8925914398 0.992858483468388
2460957.358742685 2823668.5364852077 799327.672354056 1.0163560216874936
2460957.3589860764 2778099.3065782012 811095.5990005312 0.9854457468679252
2460957.3592283563 2735614.177329071 804265.1208510787 0.9786166699810218
2460957.359470567 2643206.509312958 745283.334894389 1.020391150069781
2460957.359713947 2253975.8546845946 655635.5496719823 0.9891081127964482
2460957.3599574305 1876969.890914965 539612.8428673288 1.000764812573554
2460957.3602005322 1568035.5724268206 443840.94102040696 1.0164488971454304
2460957.3604430323 1404794.0433442583 405722.9916127188 0.9961850875560011
2460957.3606851622 1263876.9991535547 373086.6002503595 0.9746577881167299
2460957.360928634 1480178.8091443244 433269.3331169293 0.9829088151040247
2460957.3611716437 1814605.8713324573 544998.5997909791 0.9579523861992715
2460957.361414803 2281327.005654882 667798.7986257054 0.9828763981035735
2460957.361657778 1683965.054207987 484056.34393898124 1.0009079914976793
2460957.361899954 1446739.371810169 438176.70297755656 0.9499440254823441
2460957.3621433796 1174894.8993897345 345455.9752733962 0.9785055825256276
2460957.3623852083 1819812.3995576554 549792.5749618708 0.9523240404944303
2460957.3626285302 2415409.7783824755 698577.8714325945 0.9947936259253394
2460957.362871273 2181947.6932712346 646457.4549821846 0.9710942563284419
2460957.363113322 2390678.2193918214 717709.9273020193 0.9583610833103814
2460957.363356389 2294842.2695447677 680662.0844233994 0.9700146193114032
2460957.363599433 2147738.375996134 644008.9966957307 0.9595032301251148
2460957.3638427895 2587251.0564942854 771174.2774890818 0.9652571694235006
2460957.3640855094 2602773.4506279333 772880.6788046343 0.9689043726474719
2460957.364328171 2664604.1002408233 772785.5315203597 0.9920434813711245
2460957.364570544 2704826.3338503987 774314.0265938537 1.005030537404297
2460957.364814005 2625786.8415841972 770214.6203750329 0.9808547683681942
2460957.3650572686 2682664.401767074 782071.0473817046 0.9869090607584813
2460957.3653004514 2692696.041871215 772359.650537485 1.0030550133205054
2460957.365543472 2720043.9805891803 799044.1168028038 0.9794046605596668
2460957.3657861575 2735034.9137102203 786322.9614202334 1.0007345991890766
2460957.3660282525 2746335.297896918 776654.4162910687 1.0173789344035091
2460957.3662706595 2735337.174453695 792513.7699537959 0.9930269823869196
2460957.366513264 2746297.9942640364 796717.5537160138 0.9917455766877287
2460957.366755787 2738586.697103781 799712.5905843384 0.9852570677392786
2460957.366998391 2694314.8567945594 786563.9653756552 0.9855332879616563
2460957.3672411805 2740210.736969701 800153.5301236819 0.9852980797541042
2460957.3674845947 2721415.024905418 799780.5936390193 0.9789959936901707
2460957.367727083 2732350.615534888 798426.175037563 0.9845973430606042
2460957.367969595 2780271.6329967813 800755.9287811122 0.9989507196375257
2460957.3682120484 2780478.2041509724 819861.3110802717 0.975744474540405
2460957.368454537 2780364.217170559 813241.4604610819 0.9836467860040058
2460957.3686970253 2748179.4635130125 795036.0696744461 0.9945239719161955
2460957.3689401504 2744689.638606196 812878.0173118947 0.971459863310615
2460957.369182546 2723019.4625991937 788578.937914251 0.9934878732806139
2460957.3694249075 2749404.1229220144 800724.8892583458 0.9878983266982364
2460957.3696673377 2739589.045324193 794338.5055334955 0.9922858623930165
2460957.3699110993 2777995.5665051797 794103.305633768 1.006494816822081
2460957.3701539002 2760270.405981536 803026.4633549518 0.9889600996704905
2460957.370396447 2800216.220664265 811633.2039554872 0.9926331151468104
2460957.3706392245 2802298.17664663 812328.4103030588 0.9925209899642179
2460957.3708822336 2778587.0283712745 800823.5683356569 0.9982611189833602
2460957.3711251854 2741372.895843409 803671.7388686846 0.9814008193827436
2460957.371368206 2805531.1515785917 794537.8741434911 1.0159152733025352
2460957.371610787 2729840.600125257 807324.7030165552 0.9728503633167083
2460957.3718532408 2791892.5382906916 820420.216915961 0.9790826226913046
2460957.3720962615 2752888.5969772576 810401.1083268134 0.9773398541146305
2460957.372338345 2771259.4613474146 802614.044728319 0.9934074944917471
2460957.3725815276 2791222.6988301193 804020.4736358192 0.9988134426956984
2460957.372823843 2730972.257292909 813116.0250875971 0.9663217757559449
2460957.3730659955 2771315.068389284 803093.6602653341 0.9928341430702214
2460957.373308657 2753454.2339068805 792711.0804239154 0.9993553272003679
2460957.373551794 2784053.4071941627 799324.7796627781 1.002100511654706
2460957.3779915627 2772998.5870144246 812964.6368785296 0.9813750035650586
2460957.3782337615 2762056.2779543805 790655.1251536295 1.0050841657713887
2460957.3784764004 2811806.892230729 799049.8206295285 1.0124384519004022
2460957.3787192823 2804777.010599505 789882.8070829138 1.0216277394604314
2460957.378961979 2767490.034197555 785599.8195570798 1.0135418573334911
2460957.3792042015 2795908.9812836293 797238.9496124166 1.0090008200465892
2460957.379446331 2789673.763648024 794745.783043556 1.0099088641407166
2460957.3796894792 2815694.3052112064 789868.1804918562 1.025623308095008
2460957.379931493 2842025.4579275995 795051.3510327213 1.0284656289543508
2460957.38017434 2750379.5959459255 791806.1553904401 0.9993802492184475
2460957.3804174075 2764406.349948518 783226.3662023022 1.0154804837914846
2460957.380660405 2790002.1816460975 784048.7372644469 1.0238079120198198
2460957.3809032757 2850216.3929386376 788064.6747950285 1.0405740023721346
2460957.381145579 2766890.126790355 801545.5652517579 0.993163376574003
2460957.3813888077 2822353.1868784437 801224.3172638435 1.0134777921586406
2460957.3816308216 2800088.002941456 802367.9360927762 1.0040494761387757
2460957.38187434 2827104.0583676477 785143.1380457828 1.035976616658324
2460957.3821174423 2807082.449516971 778205.0334189207 1.0378106705879167
2460957.382359722 2779575.639389758 791524.469314773 1.0103483809418445
2460957.382602986 2754660.3155376115 793939.0594700542 0.998246698000204
2460957.3828452313 2775542.773727256 784731.5097616253 1.017615776709638
2460957.3830883563 2796743.441623562 758310.8876484354 1.0611147100104785
2460957.383331331 2779780.084750684 786927.658907458 1.016325043663704
2460957.3835743866 2790108.716856675 795223.5116116892 1.0094595296648843
2460957.3838166897 2835338.6893398175 774499.7598525658 1.0532722808244752
2460957.3840595833 2809236.909724674 782634.1512254055 1.0327294675062664
2460957.3843022687 2793179.7332420032 777195.1152272898 1.0340125697420939
2460957.3845448266 2759257.5788723277 789599.3459399275 1.0054082915118177
2460957.384787245 2747870.4637887045 803883.94413009 0.983467244088643
2460957.385030451 2781239.7321935287 784276.7993138998 1.0202956980736848
2460957.385272639 2796800.706604728 788962.965231812 1.019910121121594
2460957.3855158216 2809267.443656687 794600.3763643474 1.0171882108894101
2460957.3857585187 2805657.378457512 785191.952947957 1.0280536822048083
2460957.3860013774 2796201.004068815 792188.4673342225 1.0155396163612966
2460957.3862440162 2812578.4913260518 785646.5910581878 1.0299933461414013
2460957.3864870835 2772030.257994418 761042.7616482109 1.0479628929599771
2460957.3867292013 2763091.3336504325 785168.8142249597 1.0124863975101335
2460957.386971597 2795574.1292317812 784895.8434541749 1.024745410366425
2460957.3872143053 2837076.7573208897 795616.5010925763 1.0259455269294089
2460957.387456898 2781195.6801136895 794561.4734549932 1.007073205646477
2460957.387700683 2772486.7587594846 779490.3356527921 1.0233300890735664
2460957.387943032 2855612.185077929 792503.9291148976 1.0367040632218807
2460957.38818603 2795966.4237042964 782402.2141780977 1.028155680277034
2460957.388429028 2809827.626737196 792383.3535976097 1.020237619287834
2460957.388671678 2808211.1423924216 791785.4931757571 1.0204205966193056
2460957.3889145833 2800101.078417808 756588.4446272196 1.0648072589377506
2460957.389156794 2838536.194143416 786237.4325578419 1.0387181443805016
2460957.389399861 2796320.6339595723 805642.1135933481 0.9986235544362049
2460957.389642326 2761545.11695434 786133.0850531277 1.0106785926732054
2460957.3898847452 2801777.717696358 783485.8230993082 1.0288676990132002
2460957.390127662 2821725.0338050993 802561.461808751 1.0115640532807535
2460957.3903705208 2815408.8869186817 783495.3257164533 1.033860792227974
2460957.3906132756 2745169.9614747874 762515.025501982 1.0358045881235298
2460957.39085625 2799751.8061888968 790884.8243897259 1.0185052910880545
2460957.3910986343 2799674.80048385 789094.0436042141 1.0207886238597208
2460957.3913407987 2775724.088976815 783217.5107558303 1.019649484725598
2460957.391583912 2775757.6746034417 795114.9219970539 1.0044044856188243
2460957.3918267707 2772385.8695219583 768187.1070403062 1.0383497462093463
2460957.3920689817 2733811.382791688 797668.7323331529 0.9860591722007932
2460957.392312558 2825616.373433021 796264.6833423596 1.0209694400715783
2460957.392554653 2815294.5353990695 806230.1224557566 1.0046662551562389
2460957.392798206 2783469.23299358 777236.5344305594 1.0303629096846987
2460957.393040729 2842766.36480672 782905.2135576713 1.0446937138077321
2460957.3932833103 2776208.95506643 791895.2531352307 1.0086521286574475
2460957.393526088 2821110.0440425063 780795.365853192 1.0395366331241116
2460957.393768715 2779359.198298837 796278.5844562474 1.004237975375323
2460957.3940121527 2765976.6460934556 797885.9918164278 0.9973892128185596
2460957.3942552083 2790105.590290597 774741.8654642954 1.0361451836352764
2460957.3944973727 2774693.342710855 798614.6164747525 0.9996195378843545
2460957.394740116 2788210.348757871 796497.5754475192 1.0071590858344888
2460957.3949830555 2779457.153877761 796150.0399505683 1.0044355162888634
2460957.395225509 2760146.258293899 797241.7314053522 0.9960911242548729
2460957.3954681368 2747183.5599329863 780517.4804736782 1.0126562400419545
2460957.395710787 2777125.981326054 778800.4439429315 1.025950457306603
2460957.395953692 2799927.1001772876 765597.5834691935 1.0522118012733368
2460957.396196412 2774186.3237684458 783603.043143025 1.0185832045281307
2460957.396439039 2792680.8951664744 775466.96316388 1.0361318213114887
2460957.396682199 2716723.4722033795 781348.3429780052 1.000363270820204
2460957.396924294 2797303.585337011 762720.9545658161 1.0551906205439021
2460957.397167604 2737322.554650461 784295.2375457631 1.0041611069359586
2460957.397410602 2737554.0732157785 778916.6828131491 1.0111805303405035
2460957.397653125 2788939.3080761298 778264.5639009868 1.0310240720794634
2460957.3978954167 2778408.7330878275 767210.8700180526 1.0419296246924659
2460957.398138368 2766703.819096752 766750.1002182848 1.0381636689688944
2460957.39838103 2817627.4556146413 769725.5350800583 1.0531850232401487
2460957.398623345 2768324.383311643 780450.7461775582 1.02053634498729
2460957.3988655093 2729426.7788636824 783911.2132759107 1.001755117505933
2460957.3991079167 2743122.1767331557 761720.498951387 1.036111529225372
2460957.3993513426 2781812.21499825 779335.5819222346 1.0269760200949642
2460957.399593391 2752401.3104375885 769686.6376683625 1.0288565038833128
2460957.3998368983 2711667.5196588375 771426.824657996 1.0113435314276475
2460957.400079352 2784262.1665676087 777938.7572526614 1.029726087885121
2460957.400321632 2708679.741181278 777440.7220579662 1.0024145754013594
2460957.400564375 2720623.4175451547 763997.6509473849 1.024550588092758
2460957.4008067013 2705447.0413792576 778387.826869821 1.0
2460957.401049792 2725384.544933142 767908.4131454998 1.0211166586481448
2460957.401292095 2736991.260476868 765513.8803726009 1.028672996001815
2460957.401535185 2762379.7269938015 756861.2429192675 1.0500841657223274
2460957.4017781136 2720922.193010316 780823.1280148984 1.002583268329892
2460957.4020206714 2753202.9479690907 780714.3118352441 1.0146192164369936
2460957.4022626737 2728101.195091201 779194.7070087178 1.0073293324628165
2460957.402505428 2716872.672746021 775973.3102312094 1.0073479337690157
2460957.4027477084 2758165.772585022 784319.9714482717 1.0117753381335015
2460957.4029905093 2752268.590222686 765423.278382207 1.0345372820099392
2460957.4032332986 2748397.311681695 768557.2426265015 1.028869501662821
2460957.403475301 2734631.3993198397 767653.4850896626 1.0249214173335202
2460957.403718264 2768765.2506584832 772176.8486397011 1.0316356879781214
2460957.4039606713 2755016.271636407 773527.3881327917 1.0247206101561348
2460957.404202604 2766818.889947326 774088.9485051179 1.0283639960913984
2460957.404445868 2720420.4433058565 782705.5842584822 0.9999875564044499
2460957.404688333 2778831.2168153822 768528.5933647893 1.0403012901863256
2460957.4049303704 2705469.1807893636 779591.4251445122 0.9984642872196183
2460957.405173611 2757942.250956977 773291.7009250849 1.026121570498958
2460957.4054159145 2737148.065523397 786799.7892127072 1.0009008418569174
2460957.4056583564 2736530.4328056476 756125.2605001752 1.0412704251284681
2460957.4059015047 2671165.867860795 768235.994498645 1.000375860518878
2460957.406143727 2730396.703918341 771722.4840956854 1.0179386297641402
2460957.4063862036 2713394.955310414 775876.761414931 1.0061836760148506
2460957.4066284606 2760749.921503687 775830.793291658 1.0238045462553378
2460957.406871227 2769729.968230392 786457.6476210793 1.0132557768302703
2460957.407114398 2772835.8574364623 788310.214577341 1.0120081403432428
2460957.4073569677 2729845.7658235673 776170.8836848807 1.0119003860922011
2460957.407599873 2724041.2393476595 747996.1370652104 1.0477829361357318
2460957.407842662 2692436.775809214 778195.1967770404 0.9954374287801403
2460957.408085706 2777191.5664452882 765720.6532457742 1.0435000516313835
2460957.4083280093 2761232.718554865 784415.2079747597 1.0127774059104317
2460957.4085702663 2726678.7070319485 783760.7842029803 1.0009385949365297
2460957.408813866 2791620.41391212 776479.9218063041 1.03438719000702
2460957.409056701 2778266.925490443 774188.9860177846 1.0324855411775604
2460957.4092996297 2746319.8167509255 779782.0786430509 1.01329257235499
2460957.4095425927 2732141.259989834 769137.6872831959 1.022012143731575
2460957.4097858565 2777518.975921004 754403.4504820805 1.0592790106004164
2460957.410028229 2774911.4451153134 782652.9620946028 1.0200862490435554
2460957.410271134 2741238.1961616976 778004.4195346738 1.0137286223703144
