# VarAstro Metadata Begin
# ObservationId: 110560
# StarName: HD189733
# RA: 20h 00m 43.70s (300.1820833333)
# DE: +22° 42' 39.00" (22.7108333333)
# ObserverName: Vittorio Tortorella
# Station: De Ritis Telescope of the Federico II University
# Latitude: 40
# Longitude: 14
# Filter: Clear
# JD: GJD
# Unit: Mag
# VarAstro Metadata End
JD mag_rel
2460957.288568 0.005622
2460957.288810 -0.016824
2460957.289053 -0.012724
2460957.289296 -0.005839
2460957.289539 -0.022262
2460957.289782 -0.000993
2460957.290024 -0.003846
2460957.290268 -0.010093
2460957.290511 -0.017701
2460957.290753 -0.001095
2460957.290997 -0.005999
2460957.291240 -0.016059
2460957.291483 -0.008214
2460957.291725 -0.005670
2460957.291968 -0.018916
2460957.292211 -0.009077
2460957.292454 -0.022332
2460957.292697 -0.037545
2460957.292939 -0.016478
2460957.293182 -0.017151
2460957.293424 -0.008368
2460957.293668 0.010519
2460957.293910 -0.012897
2460957.294153 -0.015139
2460957.294396 0.000343
2460957.294639 -0.014124
2460957.294882 -0.030048
2460957.295124 0.006420
2460957.295366 0.018526
2460957.295609 -0.002102
2460957.295852 -0.005460
2460957.296095 0.005236
2460957.296338 -0.002786
2460957.296581 -0.094831
2460957.296823 -0.000722
2460957.297065 -0.020898
2460957.297308 -0.015213
2460957.297551 -0.008865
2460957.297794 -0.002418
2460957.298037 -0.017963
2460957.298280 -0.037368
2460957.298523 -0.010789
2460957.298765 -0.005348
2460957.299008 0.012999
2460957.299251 -0.031191
2460957.299493 -0.011112
2460957.299736 0.002793
2460957.299979 0.014774
2460957.300223 -0.015977
2460957.300466 0.003320
2460957.300709 -0.031802
2460957.300952 -0.023849
2460957.301195 -0.015425
2460957.301438 0.017275
2460957.301681 -0.005848
2460957.301924 -0.038458
2460957.302167 -0.002791
2460957.302410 -0.013934
2460957.302653 -0.041403
2460957.302896 -0.044439
2460957.303138 -0.027427
2460957.303381 0.005197
2460957.303624 -0.012223
2460957.303866 0.016138
2460957.304109 -0.016629
2460957.304351 -0.018355
2460957.304594 -0.008368
2460957.304837 -0.016572
2460957.305080 0.000603
2460957.305323 -0.009586
2460957.305566 -0.006351
2460957.305809 -0.016444
2460957.306053 -0.017210
2460957.306296 0.001604
2460957.306539 -0.007853
2460957.306782 -0.003299
2460957.307025 0.009631
2460957.307268 0.004489
2460957.307511 -0.029569
2460957.307753 -0.041241
2460957.307997 -0.022411
2460957.308240 -0.040594
2460957.308482 -0.006863
2460957.308726 -0.020987
2460957.308969 -0.003711
2460957.309212 -0.011417
2460957.309455 -0.029858
2460957.309698 -0.022569
2460957.309941 -0.001575
2460957.310184 -0.003949
2460957.310427 -0.027565
2460957.310669 -0.034331
2460957.310912 0.011439
2460957.311155 0.002873
2460957.311398 0.003603
2460957.311642 -0.002034
2460957.311884 -0.012877
2460957.312127 0.002537
2460957.312370 -0.001901
2460957.312613 0.001761
2460957.312856 0.004872
2460957.313098 -0.006228
2460957.313341 -0.015645
2460957.313584 0.002375
2460957.313827 0.015068
2460957.314069 -0.018521
2460957.314311 0.000928
2460957.314555 0.016706
2460957.314797 -0.006408
2460957.315040 -0.001640
2460957.315284 -0.005098
2460957.315526 -0.020150
2460957.315768 -0.004843
2460957.316012 0.009174
2460957.316255 -0.014531
2460957.316497 0.016080
2460957.316739 0.000394
2460957.316983 -0.009073
2460957.317225 0.018328
2460957.317468 0.019615
2460957.317712 -0.000670
2460957.317955 0.012597
2460957.318198 -0.005265
2460957.318441 0.009701
2460957.318684 0.010164
2460957.318927 -0.001039
2460957.319170 -0.009577
2460957.319412 -0.013386
2460957.319655 0.027657
2460957.319899 0.001098
2460957.320141 0.023205
2460957.320383 0.001575
2460957.320627 -0.010039
2460957.320869 0.000539
2460957.321112 0.011674
2460957.321355 0.001305
2460957.321599 -0.001635
2460957.321842 0.001089
2460957.322084 0.010993
2460957.322327 0.001538
2460957.322570 0.015541
2460957.322812 0.013736
2460957.323055 0.038595
2460957.323297 0.005766
2460957.323540 0.025004
2460957.323783 0.015199
2460957.324025 0.023394
2460957.324268 0.019367
2460957.324511 0.019658
2460957.324752 0.022701
2460957.324996 0.005193
2460957.325239 0.037880
2460957.325481 0.008288
2460957.325724 0.000436
2460957.325967 0.011724
2460957.326210 0.034083
2460957.326453 0.022323
2460957.326696 0.011484
2460957.326939 0.010056
2460957.327182 0.028617
2460957.327424 0.017753
2460957.327667 0.009981
2460957.327909 0.019489
2460957.328152 0.022413
2460957.328395 0.034077
2460957.328637 0.008686
2460957.328880 0.003808
2460957.329123 0.020167
2460957.329366 0.010088
2460957.329609 0.031392
2460957.329851 0.026808
2460957.330094 0.016977
2460957.330336 0.028005
2460957.330580 0.007136
2460957.330822 0.016357
2460957.331064 0.002067
2460957.331308 0.013846
2460957.331550 0.051048
2460957.331793 0.011755
2460957.332035 0.002263
2460957.332277 0.007229
2460957.332520 0.034079
2460957.332763 0.011374
2460957.333005 0.029645
2460957.333248 -0.004964
2460957.333491 0.007797
2460957.333733 -0.002235
2460957.333975 0.027282
2460957.334219 0.020039
2460957.334462 -0.011761
2460957.334705 0.016886
2460957.334948 0.050571
2460957.335191 -0.018927
2460957.335433 -0.020335
2460957.335675 0.002370
2460957.335919 0.011089
2460957.336161 0.001372
2460957.336403 -0.018919
2460957.336646 -0.003761
2460957.336888 0.016570
2460957.337131 -0.017599
2460957.337373 0.007126
2460957.337616 0.036001
2460957.337858 0.018275
2460957.338101 0.015056
2460957.338344 0.009137
2460957.338586 0.028885
2460957.338829 0.033441
2460957.339072 0.013376
2460957.339315 0.032223
2460957.339557 0.025948
2460957.339800 0.037104
2460957.340042 0.003086
2460957.340285 -0.006917
2460957.340528 0.015176
2460957.340771 0.011227
2460957.341013 0.024567
2460957.341255 0.014419
2460957.341498 -0.002865
2460957.341741 0.015139
2460957.341984 0.041824
2460957.342227 0.033756
2460957.342470 0.025289
2460957.342714 0.012451
2460957.342957 0.019986
2460957.343199 0.017266
2460957.343442 0.034134
2460957.343685 0.000632
2460957.343928 0.033154
2460957.344171 0.022161
2460957.344414 0.004676
2460957.344656 0.030815
2460957.344899 0.032620
2460957.345143 0.012767
2460957.345386 0.024461
2460957.345629 -0.005199
2460957.345872 0.026480
2460957.346116 0.018110
2460957.346358 0.031696
2460957.346601 0.023785
2460957.346844 0.018306
2460957.347086 0.013341
2460957.347329 0.036626
2460957.347571 0.013561
2460957.347814 0.030826
2460957.348056 0.017398
2460957.348300 0.030759
2460957.348543 0.013621
2460957.348786 0.019151
2460957.349029 0.037644
2460957.349272 0.022639
2460957.349515 0.018410
2460957.349758 0.012027
2460957.350001 0.004204
2460957.350244 0.016326
2460957.350486 0.008378
2460957.350729 0.033740
2460957.350971 0.045662
2460957.351215 -0.010763
2460957.351457 -0.003660
2460957.351699 -0.002818
2460957.351942 0.021271
2460957.352185 0.034438
2460957.352427 0.038025
2460957.352670 0.036882
2460957.352913 0.015689
2460957.353156 0.003859
2460957.353400 -0.008967
2460957.353643 0.032185
2460957.353885 0.045114
2460957.354128 0.026325
2460957.354372 0.035284
2460957.354614 0.010120
2460957.354856 0.024835
2460957.355099 0.006677
2460957.355341 0.019820
2460957.355585 0.021214
2460957.355828 0.008571
2460957.356070 0.015936
2460957.356313 0.013189
2460957.356556 0.007358
2460957.356799 0.035685
2460957.357042 0.030343
2460957.357284 0.012881
2460957.357527 0.046804
2460957.357771 0.006083
2460957.358014 0.008089
2460957.358257 0.019919
2460957.358500 0.007782
2460957.358743 -0.017615
2460957.358986 0.015918
2460957.359228 0.023468
2460957.359471 -0.021917
2460957.359714 0.011891
2460957.359957 -0.000830
2460957.360201 -0.017714
2460957.360443 0.004150
2460957.360685 0.027870
2460957.360929 0.018717
2460957.361172 0.046640
2460957.361415 0.018753
2460957.361658 -0.000985
2460957.361900 0.055755
2460957.362143 0.023592
2460957.362385 0.053038
2460957.362629 0.005668
2460957.362871 0.031847
2460957.363113 0.046177
2460957.363356 0.033054
2460957.363599 0.044884
2460957.363843 0.038392
2460957.364086 0.034298
2460957.364328 0.008673
2460957.364571 -0.005448
2460957.364814 0.020988
2460957.365057 0.014307
2460957.365300 -0.003312
2460957.365543 0.022595
2460957.365786 -0.000797
2460957.366028 -0.018707
2460957.366271 0.007597
2460957.366513 0.008999
2460957.366756 0.016126
2460957.366998 0.015822
2460957.367241 0.016081
2460957.367485 0.023048
2460957.367727 0.016853
2460957.367970 0.001140
2460957.368212 0.026660
2460957.368455 0.017902
2460957.368697 0.005962
2460957.368940 0.031438
2460957.369183 0.007094
2460957.369425 0.013219
2460957.369667 0.008408
2460957.369911 -0.007029
2460957.370154 0.012053
2460957.370396 0.008028
2460957.370639 0.008151
2460957.370882 0.001890
2460957.371125 0.020384
2460957.371368 -0.017144
2460957.371611 0.029885
2460957.371853 0.022952
2460957.372096 0.024886
2460957.372338 0.007181
2460957.372582 0.001289
2460957.372824 0.037196
2460957.373066 0.007808
2460957.373309 0.000700
2460957.373552 -0.002278
2460957.377992 0.020413
2460957.378234 -0.005506
2460957.378476 -0.013422
2460957.378719 -0.023232
2460957.378962 -0.014604
2460957.379204 -0.009729
2460957.379446 -0.010705
2460957.379689 -0.027470
2460957.379931 -0.030474
2460957.380174 0.000673
2460957.380417 -0.016679
2460957.380660 -0.025546
2460957.380903 -0.043182
2460957.381146 0.007448
2460957.381389 -0.014536
2460957.381631 -0.004388
2460957.381874 -0.038375
2460957.382117 -0.040295
2460957.382360 -0.011178
2460957.382603 0.001905
2460957.382845 -0.018960
2460957.383088 -0.064406
2460957.383331 -0.017582
2460957.383574 -0.010222
2460957.383817 -0.056352
2460957.384060 -0.034966
2460957.384302 -0.036315
2460957.384545 -0.005856
2460957.384787 0.018100
2460957.385030 -0.021815
2460957.385273 -0.021405
2460957.385516 -0.018503
2460957.385759 -0.030039
2460957.386001 -0.016742
2460957.386244 -0.032086
2460957.386487 -0.050865
2460957.386729 -0.013473
2460957.386972 -0.026540
2460957.387214 -0.027811
2460957.387457 -0.007653
2460957.387701 -0.025039
2460957.387943 -0.039137
2460957.388186 -0.030147
2460957.388429 -0.021753
2460957.388672 -0.021948
2460957.388915 -0.068178
2460957.389157 -0.041244
2460957.389400 0.001495
2460957.389642 -0.011533
2460957.389885 -0.030899
2460957.390128 -0.012483
2460957.390371 -0.036155
2460957.390613 -0.038195
2460957.390856 -0.019908
2460957.391099 -0.022340
2460957.391341 -0.021127
2460957.391584 -0.004772
2460957.391827 -0.040859
2460957.392069 0.015243
2460957.392313 -0.022532
2460957.392555 -0.005055
2460957.392798 -0.032476
2460957.393041 -0.047472
2460957.393283 -0.009354
2460957.393526 -0.042099
2460957.393769 -0.004592
2460957.394012 0.002838
2460957.394255 -0.038552
2460957.394497 0.000413
2460957.394740 -0.007745
2460957.394983 -0.004805
2460957.395226 0.004252
2460957.395468 -0.013655
2460957.395711 -0.027816
2460957.395954 -0.055258
2460957.396196 -0.019991
2460957.396439 -0.038538
2460957.396682 -0.000394
2460957.396924 -0.058327
2460957.397168 -0.004508
2460957.397411 -0.012072
2460957.397653 -0.033172
2460957.397895 -0.044596
2460957.398138 -0.040665
2460957.398381 -0.056262
2460957.398623 -0.022071
2460957.398866 -0.001904
2460957.399108 -0.038516
2460957.399351 -0.028901
2460957.399593 -0.030887
2460957.399837 -0.012247
2460957.400079 -0.031804
2460957.400322 -0.002618
2460957.400564 -0.026334
2460957.400807 -0.000000
2460957.401050 -0.022688
2460957.401292 -0.030693
2460957.401535 -0.053060
2460957.401778 -0.002801
2460957.402021 -0.015758
2460957.402263 -0.007929
2460957.402505 -0.007949
2460957.402748 -0.012710
2460957.402991 -0.036865
2460957.403233 -0.030901
2460957.403475 -0.026726
2460957.403718 -0.033816
2460957.403961 -0.026514
2460957.404203 -0.030367
2460957.404446 0.000014
2460957.404688 -0.042898
2460957.404930 0.001669
2460957.405174 -0.027997
2460957.405416 -0.000978
2460957.405658 -0.043909
2460957.405902 -0.000408
2460957.406144 -0.019304
2460957.406386 -0.006693
2460957.406628 -0.025543
2460957.406871 -0.014298
2460957.407114 -0.012960
2460957.407357 -0.012844
2460957.407600 -0.050678
2460957.407843 0.004965
2460957.408086 -0.046231
2460957.408328 -0.013785
2460957.408570 -0.001019
2460957.408814 -0.036708
2460957.409057 -0.034710
2460957.409300 -0.014337
2460957.409543 -0.023640
2460957.409786 -0.062526
2460957.410028 -0.021592
2460957.410271 -0.014804
